$OR;D2
* From-Time  To-Time
8.00 9.00
* Factor
1.00
	1	5	1.803191417
	1	7	48.3427032272
	1	10	13.3951362406
	1	14	59.591183019
	1	22	105.873096055
	1	48	52.2066848351
	1	50	1.803191417
	2	2	271.594973904
	2	3	1.45972638519
	3	1	2.31838896472
	3	3	59.677049277
	3	4	12.1071423713
	3	5	21.8958957779
	3	6	24.9012148062
	3	7	2.83358651243
	3	8	0.944528837477
	3	13	10.9908810179
	3	14	1.6314589011
	3	15	4.46504541353
	3	18	3.69224909196
	3	20	1.71732515905
	3	22	2.14665644881
	3	48	115.060785656
	4	3	2.06079019086
	4	4	14.511397594
	4	13	15.0265951417
	4	14	8.07142824753
	5	1	39.4126124002
	5	3	7.64209695777
	5	4	17.4308503644
	5	5	46.5395118102
	5	6	69.6375351995
	5	7	40.2712749797
	5	8	61.5661069519
	5	9	29.5379927356
	5	10	94.023552458
	5	11	25.7598773857
	5	12	53.4946787044
	5	13	123.218080162
	5	14	75.0471094505
	5	15	60.8791768883
	5	16	21.724163262
	5	17	31.9422479583
	5	18	21.1230994563
	5	19	51.4338885135
	5	20	88.9574432388
	5	22	47.6557731636
	5	23	17.6025828803
	5	25	9.01595708501
	5	27	4.20744663967
	5	28	0.944528837477
	5	29	3.09118528629
	5	30	13.2234037247
	5	31	6.78343437825
	5	32	9.78875340658
	5	33	20.3503031347
	5	34	19.835105587
	5	35	47.3981743898
	5	36	9.18768960091
	5	37	0.944528837477
	5	38	9.10182334296
	5	39	1.20212761133
	5	40	13.6527350144
	5	41	48.857900775
	5	42	1.97492393291
	5	44	62.8541008212
	5	45	5.75303928282
	5	47	33.8313056333
	5	48	1465.13595944
	5	51	1.45972638519
	6	3	16.4863215269
	6	4	8.8442245691
	6	5	10.5615497282
	6	6	0.944528837477
	6	7	10.3898172122
	6	9	0.772796321572
	6	10	3.77811534991
	6	13	13.9962000463
	6	14	1.28799386929
	6	48	26.7044062232
	7	7	13.9103337883
	7	9	1.88905767495
	7	10	4.55091167148
	7	14	1.97492393291
	7	48	10.6474159861
	8	5	12.8799386929
	8	7	72.8145867437
	8	10	18.9764430075
	8	13	85.3510604048
	8	14	35.7203633082
	8	34	11.0767472759
	8	39	1.37386012724
	8	48	68.2636750722
	9	7	33.9171718912
	9	9	204.361693927
	9	10	5.0661092192
	9	13	29.9673240254
	9	14	17.6884491382
	9	48	20.4361693927
	10	4	6.8693006362
	10	5	49.1154995488
	10	6	10.9908810179
	10	7	12.622339919
	10	8	31.2553178947
	10	9	10.9908810179
	10	10	4.46504541353
	10	11	2.57598773857
	10	12	12.1071423713
	10	13	235.27354679
	10	14	6.18237057258
	10	16	8.24316076344
	10	17	0.68693006362
	10	18	3.86398160786
	10	19	2.74772025448
	10	29	1.45972638519
	10	48	21.0372331984
	11	4	1.11626135338
	11	5	4.80851044534
	11	7	39.8419436899
	11	10	11.1626135338
	11	13	42.9331289762
	11	14	1.71732515905
	11	48	27.9065338346
	12	4	1.6314589011
	12	5	15.0265951417
	12	7	15.5417926894
	12	10	5.58130676691
	12	13	33.7454393753
	12	14	29.1945277038
	12	22	14.425531336
	12	48	47.9992381954
	13	1	6.18237057258
	13	3	4.63677792943
	13	4	11.7636773395
	13	5	21.2948319722
	13	7	32.457445506
	13	8	41.1299375592
	13	9	7.55623069982
	13	10	35.3768982764
	13	11	22.0676282938
	13	12	6.95516689415
	13	13	123.990876483
	13	14	27.9924000925
	13	15	15.9711239792
	13	16	5.40957425101
	13	18	7.98556198958
	13	19	1.88905767495
	13	22	4.55091167148
	13	37	10.1322184384
	13	43	1.6314589011
	13	48	64.8290247541
	13	51	1.803191417
	14	1	90.4171696239
	14	4	19.0623092654
	14	5	95.826743875
	14	6	1.6314589011
	14	7	15.2841939155
	14	8	3.606382834
	14	12	11.5919448236
	14	13	23.6132209369
	14	14	163.918686431
	14	15	21.3806982302
	14	16	11.1626135338
	14	17	13.9962000463
	14	19	46.1101805205
	14	20	44.9080529091
	14	22	401.253023412
	14	23	16.4004552689
	14	25	5.2378417351
	14	29	1.45972638519
	14	30	43.7059252978
	14	32	3.94984786581
	14	34	4.20744663967
	14	36	5.75303928282
	14	37	1.6314589011
	14	40	2.74772025448
	14	41	19.4057742973
	14	44	22.9262908733
	14	47	2.23252270676
	14	48	854.283400369
	15	5	17.3449841064
	15	7	18.9764430075
	15	13	48.4285694852
	15	14	25.5022786119
	15	22	23.6132209369
	15	48	41.2158038172
	16	7	25.7598773857
	16	10	11.1626135338
	16	13	24.8153485483
	16	14	14.5972638519
	16	22	1.803191417
	16	48	20.7796344245
	17	5	8.8442245691
	17	7	29.2803939618
	17	13	9.87461966453
	17	14	26.2750749335
	17	20	1.88905767495
	17	22	37.0942234355
	17	48	27.4772025448
	18	5	11.8495435974
	18	7	12.2788748872
	18	13	29.5379927356
	18	14	5.75303928282
	18	22	9.18768960091
	18	48	3.77811534991
	19	5	7.38449818391
	19	7	22.3252270676
	19	14	45.4232504569
	19	22	34.0889044071
	19	30	35.1192995026
	19	48	30.1390565413
	20	4	1.37386012724
	20	5	25.7598773857
	20	7	14.7689963678
	20	13	3.94984786581
	20	14	67.0615474609
	20	22	78.0524284788
	20	30	28.4217313823
	20	34	2.40425522267
	20	39	1.03039509543
	20	48	37.6952872411
	22	1	18.9764430075
	22	5	5.49544050896
	22	7	3.52051657605
	22	8	1.803191417
	22	9	1.6314589011
	22	10	8.32902702139
	22	11	2.66185399653
	22	13	14.511397594
	22	14	68.1778088143
	22	16	6.8693006362
	22	18	2.66185399653
	22	22	117.550907137
	22	23	5.58130676691
	22	25	14.7689963678
	22	29	2.66185399653
	22	30	1.88905767495
	22	31	1.28799386929
	22	32	1.71732515905
	22	34	2.23252270676
	22	35	20.5220356506
	22	42	4.12158038172
	22	48	42.8472627183
	22	51	2.91945277038
	23	7	9.35942211682
	23	14	15.3700601735
	23	22	27.9065338346
	23	30	4.55091167148
	23	32	2.23252270676
	23	48	35.6344970503
	24	14	1.803191417
	24	34	1.37386012724
	24	48	2.23252270676
	25	7	3.4346503181
	25	14	6.35410308848
	25	22	11.2484797918
	25	30	21.3806982302
	25	48	11.4202123077
	27	7	4.37917915558
	27	14	1.71732515905
	27	30	9.53115463272
	27	34	1.71732515905
	27	48	10.4756834702
	28	5	0.772796321572
	28	7	3.69224909196
	29	7	15.7135252053
	29	13	0.68693006362
	29	14	4.63677792943
	29	30	2.23252270676
	29	34	25.4164123539
	29	48	5.40957425101
	29	50	1.6314589011
	30	7	5.15197547715
	30	9	1.20212761133
	30	14	40.1854087218
	30	19	1.88905767495
	30	22	11.5919448236
	30	25	4.37917915558
	30	30	82.6892064082
	30	48	33.1443755697
	30	51	1.6314589011
	31	5	1.54559264314
	31	7	2.57598773857
	31	14	15.3700601735
	31	34	1.54559264314
	31	39	7.12689941005
	31	48	16.6580540428
	32	1	7.12689941005
	32	5	2.57598773857
	32	7	1.71732515905
	32	14	9.61702089068
	32	22	6.43996934644
	32	23	1.6314589011
	32	34	13.9962000463
	32	35	1.37386012724
	32	38	4.37917915558
	32	39	31.7705154424
	32	44	2.14665644881
	32	46	29.6238589936
	32	48	22.9262908733
	33	4	1.6314589011
	33	5	7.55623069982
	33	14	11.9354098554
	33	22	6.95516689415
	33	32	4.63677792943
	33	39	5.0661092192
	33	46	7.12689941005
	33	48	15.6276589473
	34	1	31.2553178947
	34	5	6.52583560439
	34	6	4.29331289762
	34	7	13.1375374667
	34	8	9.44528837477
	34	10	4.03571412377
	34	11	8.32902702139
	34	12	20.2644368768
	34	13	8.8442245691
	34	14	97.2006040022
	34	15	11.1626135338
	34	16	15.7993914633
	34	17	24.9012148062
	34	18	1.20212761133
	34	19	28.2499988664
	34	20	31.8563817004
	34	22	41.7310013649
	34	23	3.77811534991
	34	25	6.61170186234
	34	27	6.8693006362
	34	29	14.7689963678
	34	30	36.6648921457
	34	33	3.69224909196
	34	34	69.9810002313
	34	39	4.98024296124
	34	46	2.23252270676
	34	48	31.3411841527
	34	51	8.58662579525
	35	5	34.7758344707
	35	10	3.69224909196
	35	14	89.4726407865
	35	22	2.74772025448
	35	32	2.74772025448
	35	34	27.4772025448
	35	39	62.5106357894
	35	46	63.0258333371
	35	48	138.244675303
	35	50	37.7811534991
	35	51	1.20212761133
	36	5	135.754553823
	36	12	1.03039509543
	36	13	2.74772025448
	36	14	52.1208185771
	36	41	2.14665644881
	36	48	1.45972638519
	37	13	2.66185399653
	37	22	7.47036444186
	37	34	1.71732515905
	38	5	1.88905767495
	38	14	13.3092699826
	38	32	3.52051657605
	38	34	1.54559264314
	38	39	6.8693006362
	38	46	8.58662579525
	38	50	3.86398160786
	39	1	32.8867767958
	39	6	3.77811534991
	39	8	2.74772025448
	39	10	4.46504541353
	39	11	1.11626135338
	39	12	1.54559264314
	39	13	6.95516689415
	39	14	163.14589011
	39	15	3.69224909196
	39	16	7.64209695777
	39	17	10.5615497282
	39	18	7.29863192596
	39	19	11.8495435974
	39	20	36.06382834
	39	22	10.9908810179
	39	23	7.89969573163
	39	24	3.17705154424
	39	25	6.35410308848
	39	27	5.32370799305
	39	29	15.7135252053
	39	30	14.0820663042
	39	31	1.88905767495
	39	32	168.727196877
	39	33	5.40957425101
	39	34	114.459721851
	39	35	152.326741608
	39	36	2.06079019086
	39	37	1.71732515905
	39	38	7.89969573163
	39	39	31.7705154424
	39	40	22.5828258415
	39	42	1.45972638519
	39	44	31.3411841527
	39	45	4.89437670329
	39	46	3.26291780219
	39	47	15.2841939155
	39	48	38.3822173048
	39	50	5.49544050896
	39	51	22.2393608097
	40	5	10.2180846963
	40	14	4.12158038172
	40	22	1.11626135338
	40	34	3.17705154424
	40	39	12.1930086293
	40	46	9.70288714863
	40	48	24.3860172585
	40	50	16.7439203007
	41	5	9.96048592249
	41	14	9.87461966453
	41	39	1.88905767495
	41	48	5.58130676691
	42	5	1.97492393291
	42	46	1.45972638519
	42	48	3.00531902834
	43	5	1.6314589011
	44	1	45.5091167148
	44	4	2.06079019086
	44	5	194.916405552
	44	7	4.20744663967
	44	8	5.58130676691
	44	9	2.31838896472
	44	11	8.58662579525
	44	12	1.20212761133
	44	13	6.26823683053
	44	14	158.251513406
	44	15	1.28799386929
	44	16	7.0410331521
	44	17	3.00531902834
	44	18	4.37917915558
	44	19	24.9870810642
	44	20	80.4566837015
	44	22	35.8920958241
	44	23	23.7849534528
	44	25	8.50075953729
	44	27	12.622339919
	44	28	1.88905767495
	44	30	4.80851044534
	44	31	1.54559264314
	44	32	137.98707653
	44	33	29.6238589936
	44	34	5.0661092192
	44	35	128.627654413
	44	37	8.24316076344
	44	38	2.91945277038
	44	39	3.4346503181
	44	40	34.9475669867
	44	41	178.859415315
	44	43	2.23252270676
	44	44	59.2477179872
	44	45	6.01063805667
	44	47	10.3039509543
	44	48	148.806225032
	45	5	4.37917915558
	45	14	2.91945277038
	45	39	3.94984786581
	45	46	3.86398160786
	45	48	6.01063805667
	45	49	9.61702089068
	45	50	10.6474159861
	45	51	4.37917915558
	46	14	1.54559264314
	46	24	1.37386012724
	46	32	3.17705154424
	46	39	4.12158038172
	46	46	11.9354098554
	46	48	1.11626135338
	46	51	5.92477179872
	47	5	79.7697536378
	47	14	10.5615497282
	47	22	1.97492393291
	47	32	2.40425522267
	47	34	2.23252270676
	47	41	1.803191417
	47	48	64.0562284325
	47	49	51.3480222556
	47	50	52.464283609
	47	51	12.8799386929
	48	1	1.37386012724
	48	4	12.2788748872
	48	5	1215.60861383
	48	6	23.527354679
	48	7	13.1375374667
	48	8	60.1063805667
	48	9	7.12689941005
	48	10	12.4506074031
	48	11	18.5471117177
	48	12	41.3016700751
	48	13	16.6580540428
	48	14	753.047082243
	48	15	19.3199080393
	48	16	8.15729450548
	48	17	16.7439203007
	48	18	3.606382834
	48	19	5.49544050896
	48	20	1.37386012724
	48	22	1.45972638519
	48	30	6.01063805667
	48	48	169.671725714
	49	1	19.7492393291
	49	5	10.4756834702
	49	8	13.9103337883
	49	10	1.37386012724
	49	11	8.6724920532
	49	12	2.31838896472
	49	13	7.64209695777
	49	14	18.2895129439
	49	15	9.27355585887
	49	17	8.50075953729
	49	18	7.0410331521
	49	19	1.803191417
	49	20	10.819148502
	49	22	25.330546096
	49	23	6.01063805667
	49	27	1.97492393291
	49	29	1.37386012724
	49	30	7.81382947367
	49	31	1.28799386929
	49	32	5.0661092192
	49	33	5.40957425101
	49	34	6.95516689415
	49	35	15.4559264314
	49	38	3.34878406015
	49	39	5.0661092192
	49	45	4.63677792943
	49	46	12.1930086293
	49	48	2.31838896472
	49	49	45.9384480046
	49	50	2.06079019086
	49	51	25.0729473221
	50	4	0.944528837477
	50	5	47.4840406477
	50	6	15.8852577212
	50	8	1.6314589011
	50	13	7.81382947367
	50	14	177.743153962
	50	22	13.6527350144
	50	25	1.803191417
	50	29	9.78875340658
	50	30	15.2841939155
	50	31	6.09650431463
	50	34	29.4521264777
	50	35	10.6474159861
	50	38	1.88905767495
	50	39	24.9870810642
	50	40	7.0410331521
	50	41	32.1998467322
	50	43	3.77811534991
	50	44	117.035709589
	50	45	10.3039509543
	50	46	12.9658049508
	50	47	121.672487519
	50	48	88.6139782069
	50	49	21.4665644881
	50	50	441.61016465
	50	51	342.60636923
	51	1	1.71732515905
	51	5	6.43996934644
	51	9	3.606382834
	51	13	5.15197547715
	51	14	12.622339919
	51	15	7.81382947367
	51	17	2.49012148062
	51	22	20.0068381029
	51	23	5.66717302486
	51	25	1.88905767495
	51	29	4.46504541353
	51	30	31.8563817004
	51	31	7.72796321572
	51	32	1.11626135338
	51	34	33.0585093117
	51	35	1.20212761133
	51	38	2.91945277038
	51	39	7.0410331521
	51	44	7.21276566801
	51	45	8.75835831115
	51	46	1.6314589011
	51	47	20.0927043609
	51	49	19.1481755234
	51	50	307.658802244
	51	51	132.92096731
