1316 36,4,6,4,36,4
1382 51,4,10,20,4,1
1387 35,4,21,15,4,1
1400 9,38,4,1,9,24,4,1
1404 7,22,4,2,7,22,4,2
1419 22,4,24,24,4,2
1449 9,35,4,2,9,26,4,1
1478 23,4,1,16,4,32
1511 37,4,1,23,4,1
1526 22,4,1,15,4,23,1
1527 29,4,9,22,4,2
1536 17,4,1,19,4,1,18,4,2
1566 55,4,41
1573 21,4,25,24,4,2
1574 47,4,12,12,4,1
1589 43,4,10,18,4,1
1696 46,4,9,16,4,1
2028 7,21,4,9,4,1,28,4,2
2047 9,53,4,1,27,4,2
235 7,26,4,2,25,4,2
236 14,4,2,20,4,1,22,4,9
237 29,4,2,29,4,2
240 24,4,2,14,20,4,2
241 27,4,1,33,4,1
242 30,4,1,30,4,1
2437 43,4,10,18,4,1
2656 45,4,10,16,4,1
2850 44,4,22,14,4,2
288 9,35,4,2,9,25,4,2
289 44,4,1,9,26,4,2
290 45,4,2,34,4,1
291 39,4,24,18,4,1
292 9,27,4,1,9,15,4,1
293 37,4,1,23,4,1
294 40,4,1,20,4,1
295 9,30,4,2,9,30,4,2
296 9,30,4,2,39,4,2
297 37,4,1,43,4,1
298 7,28,4,5,4,2,7,26,4,3
299 27,4,2,7,37,4,9
300 40,4,1,20,4,1
304 9,28,4,1,9,14,4,1
305 37,4,1,23,4,1
306 9,28,4,1,9,14,4,1
3064 44,4,22
307 30,4,1,30,4,1
308 40,4,1,7,13,4,1
311 10,46,4,30
315 9,35,4,1,9,26,4,2
316 9,16,4,1,9,26,4,1
317 33,4,2,25,4,2
320 50,4,8,17,4,7
323 25,4,1,15,4,1,35,4,1
325 42,3,42,3
326 9,26,4,3,9,28,4,7
328 9,27,4,1,9,15,4,1
329 37,4,1,23,4,1
330 9,27,4,2,9,13,4,2
331 9,28,4,1,9,14,4,1
332 9,28,4,1,9,14,4,1
333 9,28,4,1,9,14,4,1
334 9,21,4,1,9,21,4,1
335 9,35,4,1,9,26,4,2
336 9,35,4,1,35,4,2
338 9,37,4,2,9,24,4,1
339 9,28,4,1,9,14,4,1
340 9,41,4,1,9,20,4,2
341 9,37,4,1,9,24,4,2
342 37,4,1,23,4,1
343 38,4,8,15,4,1
344 36,4,2,22,4,2
345 7,28,4,9,16,4,2
346 37,4,1,23,4,1
347 7,29,4,30
351 30,4,1,30,4,1
352 34,4,1,7,14,4,6
353 46,4,2,9,24,4,1
354 39,4,2,39,4,2
356 9,24,4,1,9,18,4,1
357 30,4,2,23,4,7
358 7,47,4,1,25,4,2
359 9,30,4,1,9,32,4,1
360 57,4,1,23,4,1
361 40,4,2,39,4,1
364 37,4,1,43,4,1
365 30,4,1,30,4,1
366 43,4,1,37,4,1
367 9,28,4,1,9,34,4,1
368 7,23,4,6,4,1,35,4,1
371 9,24,4,7,4,1,9,21,4,2
373 32,4,5,4,1,19,4,1
374 9,22,4,1,9,28,4,1,7,4,1
3743 36,4,10,14,4,2
376 7,37,4,2,24,4,2
377 9,41,4,1,9,10,4,2
378 38,4,48
379 14,15,4,2,29,4,2
380 3,25,4,5,4,1,7,15,4,2
381 7,26,4,2,7,18,4,2
383 34,4,2,23,4,3
384 38,3,6,3,37,3
385 9,20,4,3,27,4,3
386 9,33,4,11,26,4,3
387 38,4,2,20,4,2
388 9,11,4,8,4,1,11,16,4,2
389 7,24,4,2,7,20,4,2
390 37,4,1,6,4,1,9,12,4,2
391 24,4,27,19,4,2
392 15,4,31,25,4,1
396 7,25,4,1,7,11,4,5,4,2
397 7,16,4,1,36,4,2
399 14,20,4,2,14,20,4,2
402 30,4,2,9,19,4,2
403 7,19,4,4,4,2,7,17,4,2
4032 50,4,1,30,4,1
406 9,40,4,1,9,21,4,2
407 9,36,4,1,9,26,4,1
409 39,5,1,9,30,5,1
410 9,32,4,3,9,36,4,3
411 9,24,4,14,4,2,9,27,4,3
412 9,40,4,2,9,30,4,2
413 7,32,4,13,4,11,22,4,3
414 43,4,11,4,11,18,4,2,3
416 9,27,4,15,4,2,9,24,4,2
417 12,28,4,12,4,2,9,22,4,3
418 47,4,10,33,4,2
419 9,42,4,1,9,29,4,2
420 40,4,10,4,2,9,25,4,2
421 7,33,4,2,9,27,4,8,4,2
422 50,4,10,30,4,2
425 42,4,2,9,37,4,2
427 41,4,12,36,4,3
428 9,32,4,3,9,22,4,10,4,3
429 9,22,4,1,15,4,2,9,27,4,3
431 45,29,4,2
432 9,30,4,7,4,2,9,29,4,2
433 14,29,4,1,9,18,4,1
434 30,4,1,20,10,4,6,4,1
435 49,4,1,21,4,1
436 26,4,22,23,4,1
437 19,4,21,19,4,1,7,4,1
439 50,4,11,29,4,2
441 9,29,4,10,4,2,9,26,4,3
442 9,42,4,2,36,4,3
443 9,22,4,14,4,2,9,29,4,3
444 9,20,4,11,4,2,9,25,4,12
445 33,4,14,19,4,26
447 50,4,26
448 65,4,1,25,4,1
449 64,4,1,26,4,1
453 47,4,1,23,4,1
455 41,4,1,9,20,4,1
456 45,4,1,24,4,2
457 44,4,2,24,4,2
459 38,4,20,12,4,2
460 9,34,4,1,9,17,4,2
461 25,4,27,17,4,3
463 40,4,1,29,4,2
466 7,28,4,1,35,4,1
467 9,18,4,2,11,17,4,2,8,4,1
472 7,28,4,1,35,4,1
478 9,19,4,2,9,11,4,6,4,2
479 9,27,4,2,9,23,4,2
481 9,20,4,2,9,20,4,2
4813 52,4,3,24,4,3
482 39,4,2,29,4,2
487 50,4,10,11,4,1
488 37,4,1,23,4,1
489 3,29,4,6,4,1,21,4,8
493 9,21,4,1,9,21,4,1
494 9,28,4,1,23,4,1
495 9,32,4,25
496 55,4,1,15,4,1
497 31,4,2,38,4,1
498 26,4,1,3,33,4,9
499 39,4,1,31,4,1
505 51,4,25
506 9,13,4,2,9,27,4,2
507 30,4,1,29,4,2
508 37,4,1,9,14,4,1
510 9,17,4,2,5,4,2,12,19,4,2
511 36,4,2,32,4,2
512 43,4,10,17,4,2
5479 34,4,2,23,4,3
6283 34,16,4,2,8,4,22
7896 5,4,1,48,4,18
9368 52,4,3,24,4,3
992 45,4,1,9,15,4,2
